22648
46333
48192
15598
33882
43947
24716
17439
19714
22595
28705
44188
47059
48155
6159
9060
42321
9444
40743
1284
9053
20804
36070
39848
40838
47711
8510
26050
33755
38288
39845
39890
41150
42271
42439
44561
45556
46399
5968
16410
35785
41801
43551
49884
5634
15654
34058
34821
36260
37712
47130
2040
9073
11004
17787
28662
34558
9072
20009
28610
33506
39211
42445
45696
47911
49233
49674
49870
3543
15614
16152
19429
20047
29076
32542
33563
38559
39754
40971
42343
43468
49210
10998
33575
35832
38242
3028
9895
13063
13265
14890
14931
15621
27597
30967
30985
33889
41899
42066
43429
44565
47197
8863
9070
13266
15600
24729
36349
37035
37243
42311
49407
429
3370
3514
3573
5791
6144
6681
9385
11535
16171
17021
17047
17568
25887
34566
38283
39903
41820
42284
43338
44775
45200
45552
3025
3895
8826
11403
12220
16364
17019
20924
22294
22983
27890
33494
33933
34999
41301
43482
44847
45645
48834
7257
7982
9466
11629
11932
12049
12582
15620
16149
19154
19705
19935
20573
20944
23367
23728
25085
28822
29006
30445
31227
33609
38639
39854
42148
42276
45022
3959
4019
6722
7167
8343
9681
9905
10558
15313
15545
15609
16658
17318
27732
30911
31154
33414
34002
35735
7972
20198
5662
15772
13356
23341
30393
40115
44151
44430
7222
7989
9251
10848
12705
17872
21738
23611
24145
24871
31484
33350
34278
34911
35636
38360
39341
43333
44671
46891
48756
49139
49166
49302
356
1276
1304
1360
1416
1580
1835
2022
2371
2386
2757
2923
3172
4841
5299
5300
5308
5377
5896
6319
6472
6483
7132
7133
7750
8505
8795
8965
8997
9208
9897
9914
9921
9951
9971
11108
11138
11981
12029
12125
12663
12969
13064
13083
13273
13598
13608
13681
14183
14192
14980
14981
15265
15552
15553
15554
15555
15556
15575
15576
16032
16723
17065
17067
18595
18650
18918
19021
19771
19919
20624
20643
20694
21585
21752
21857
22363
22415
22581
22694
22739
23022
23374
23383
23390
23440
23453
24634
24690
24768
24804
24885
24903
25002
25281
26041
27196
27253
27260
27331
28629
28740
28835
29459
29762
30886
30921
31073
31104
31248
31366
31698
32095
32149
32269
32289
32301
32385
33372
33537
33767
34014
34783
35199
35848
35920
36142
36174
36203
36235
36588
36591
36847
37003
37015
37142
37362
37923
37970
39025
39322
39747
39821
40057
40140
40523
40533
40694
40799
41751
41933
41988
42116
42137
42391
43093
43187
43226
43616
43783
44221
44276
44364
44909
44910
45181
13047
16216
29986
33976
25060
14053
41392
4080
44651
28803
44103
14538
47193
10979
40617
33811
36276
2835
43758
37978
31092
20644
41717
23465
33983
5285
2522
44089
31086
7444
43807
48961
12210
12149
40618
10944
42983
18245
38208
33730
11011
12611
13301
24449
2899
41813
47355
42799
2551
16489
46385
7209
27830
43572
31770
31568
4396
38289
36169
7174
19862
10588
34714
43641
35817
1214
21437
8325
25879
39263
33610
29064
48744
25918
42129
20606
8264
8677
31392
41264
23302
10026
8076
21476
13972
13965
48780
15774
32008
13797
14162
16774
40572
8745
8200
9242
32286
37151
39285
43330
38307
34391
44990
14163
12215
15834
6194
11891
20621
5930
8347
7383
10171
13967
7649
20526
8334
48855
7025
395
12695
32389
48757
42422
42600
3294
40736
49299
43660
8337
14642
1897
25817
5184
40228
8350
13157
49842
7325
37440
14782
40108
2865
23479
19697
32936
7739
48469
41453
23260
3388
172
11893
28044
18590
16721
14101
26426
37820
30420
41708
31877
25107
5258
1988
8359
10974
7463
4911
24719
9569
4756
49944
20587
15499
13803
44780
4566
41294
19100
35095
23566
12696
7513
8400
37300
4713
11338
27582
40987
7265
8339
8991
44960
13971
1161
15827
33407
17347
31819
13229
